5 100
13 1 10 3
1 test_email_abcd 0 3 0 1 2
1 test_email_abcd 0 2 2 3
1 test_key_test_aaa 1 2 0 2
2 2 3
4 2 test 3
3 2 test_email_abcd 2
1 key_subject 3 2 0 1
4 0 abcd 1
1 subject_email 2 2 0 3
4 0 sub 0
3 2 dummy_age 0
4 0 goto 0
50 0 10 5 100 1 10 5 757147
1 655243745
1 167613747
1 57644035
1 473038164
4 2 wrghwq 1
1 448003465
2 3 1
1 950090227
4 1 mjsra 1
4 4 bsqbm 2
4 3 wrghwq 1
1 67346651
3 6 473038164 0
4 8 wrghwq 1
1 374079501
1 102755056
4 9 dqofvv 1
1 79942653
1 137583463
1 396056833
4 6 qtttsdgc 1
3 1 655243745 1
4 1 kbxir 1
1 543649337
1 189920159
4 3 esjrk 2
4 1 kbxir 1
1 213861390
1 442531277
2 1 5
1 250902
1 55521105
3 7 655243745 1
1 104482890
2 3 5
1 582531182
3 2 543649337 0
1 49267979
3 6 396056833 1
1 486774961
4 2 wvvyiqda 1
4 2 ewgrxfbnk 1
2 2 5
4 1 ewgrxfbnk 1
2 9 5
3 2 57644035 0
1 479907209
3 1 102755056 1
1 278600080
100 0 10 10 200 1 10 5 151375122
1 129541125
1 577996946
1 357743628
1 107799270
1 41643110
1 570931849
1 238952995
1 282437315
1 7417125
1 166351380
4 7 fwuegd 1
4 9 pzvnwzl 1
1 299553233
2 6 3
1 47933175
1 589381608
4 3 rtzjcjmlh 1
1 215014513
4 4 tkaevzwv 1
4 9 pzvnwzl 1
3 6 570931849 0
1 205166829
3 8 357743628 1
4 6 ilpxnyv 0
3 9 357743628 0
3 1 41643110 1
3 4 299553233 1
4 4 pijhntpqv 1
4 7 yffwxtehex 1
2 0 3
4 4 gurszosxbb 1
1 145642536
1 767733792
1 185927067
1 355366237
2 6 4
3 8 205166829 1
3 7 282437315 0
1 563579659
1 568489830
3 7 563579659 1
4 1 djycndyiq 1
1 46933263
4 0 yndpdqn 1
3 0 563579659 1
4 3 dyoig 1
4 0 cxkquacoj 1
4 8 nkvnvxbt 0
4 8 zlmsfsja 1
1 853719628
3 9 185927067 0
3 6 767733792 1
4 0 cxkquacoj 1
1 161301440
1 333702888
2 8 4
4 7 jfqscx 2
4 7 plpxvlnx 1
4 9 bqswdvj 1
4 3 fcepepzzvo 1
2 0 5
4 0 zlmsfsja 1
3 1 145642536 1
3 9 7417125 0
1 292360323
3 7 570931849 1
1 130257781
4 8 ugmhspghm 1
1 285487137
1 165679428
1 317981616
4 3 pbevwxgbg 1
4 4 fgctio 1
4 5 hjyigpxim 0
1 43046640
3 4 205166829 1
1 2089471
4 3 mmqbzzc 1
2 6 9
1 691024467
1 580009947
3 5 46933263 1
3 3 129541125 0
4 5 pghwjtq 1
4 1 tkaevzwv 1
3 7 43046640 0
3 1 165679428 1
4 3 mxksfma 1
4 0 ditwsfr 1
3 6 161301440 1
3 4 285487137 1
4 5 pghwjtq 1
3 8 46933263 0
4 5 ozuotlawf 1
4 9 qjrfx 1
3 7 853719628 0
4 2 ngmkqolj 1
1 204972838
1 214874296
500 0 50 10 600 1 10 5 291595359
1 302168973
1 29653579
1 12719673
1 289219729
1 121729821
1 347370139
1 755965
1 62480066
1 663361651
1 153205885
1 57936279
1 659718360
1 136724895
1 169760296
1 456080417
1 510566708
1 209457093
1 87932699
1 453965051
1 111337492
1 200845062
1 91152534
1 829682656
1 209288320
1 224890425
1 596868926
1 77942481
1 110138090
1 89833170
1 27102232
1 642730594
1 21862401
1 131059639
1 254076576
1 733897521
1 32311450
1 729961728
1 343812127
1 36981698
1 420193539
1 55172205
1 418151755
1 136515295
1 527174896
1 49922460
1 80842930
1 144863901
1 403068368
1 870046
1 408404808
2 10 5
4 32 whyztbs 1
3 26 89833170 0
3 38 49922460 0
1 2755119
4 40 catzbmf 1
4 1 ndxxcckw 0
1 177543889
1 8695128
1 386766411
4 30 qqegaj 1
3 23 131059639 0
3 41 453965051 1
3 14 49922460 1
3 23 169760296 0
4 35 qqegaj 1
1 154932815
1 249936687
4 15 drhztokni 1
1 104752704
2 43 7
1 327649141
1 527419901
4 39 qpnwwkto 1
3 46 49922460 1
3 43 403068368 1
4 38 gkeycomxdp 1
1 46741127
3 14 131059639 0
3 43 8695128 0
3 39 154932815 1
3 9 89833170 1
4 12 lbyrxat 1
3 7 154932815 0
1 336594324
3 33 144863901 1
1 239010415
1 318243024
1 25167240
1 201697475
1 68585480
4 34 tapaw 1
1 410455618
3 42 289219729 1
3 19 77942481 1
4 36 xqash 1
4 29 qqegaj 2
1 443646476
3 11 121729821 1
1 82615071
4 18 lhyfp 2
4 24 zplhdr 1
1 805347978
4 34 hicaghfvqg 1
4 39 ypuizxvt 1
2 26 6
2 4 5
1 14594112
4 16 hjrloubyu 1
3 48 642730594 1
4 41 kkpgendkd 1
4 48 kioszu 1
1 287664444
1 341455367
4 17 hicaghfvqg 1
2 6 10
3 39 111337492 1
1 91011447
1 243303320
3 6 733897521 1
1 547382456
1 499805610
4 12 jbpvzatdwb 1
4 3 pmpihgrbzm 1
3 38 12719673 0
1 96929581
4 27 vznets 1
1 325675289
4 1 rdxhm 1
1 14042558
3 22 829682656 1
4 18 fwyeut 1
2 27 7
4 21 rvelxnl 0
1 36571593
1 561573167
4 23 blkdpyhuu 1
3 14 805347978 0
4 20 zxsice 1
1 297290673
1 555301483
1 121862862
1 446659950
3 35 347370139 1
4 38 cyapngirh 1
2 41 10
1 222743977
4 49 zxsice 1
4 26 fckkgeg 1
4 19 adwjhfd 1
3 21 121729821 1
4 30 yhiswp 0
2 9 6
3 46 222743977 1
1 818363
2 33 10
4 7 ridmjykq 1
4 15 ihltdjz 0
2 16 10
4 15 jjyxe 1
2 11 6
2 24 4
4 25 goonf 0
1 22313775
3 49 29653579 0
1 172553808
4 30 qpnwwkto 1
1 83434932
3 40 83434932 1
1 27601945
1 406804629
1 167907629
4 0 wyqxwc 0
1 353110645
1 60597
4 30 ypuizxvt 1
4 30 lxkork 1
4 49 tlrnsn 1
3 8 659718360 1
4 10 bduwieqigf 1
1 193819728
1 395675154
3 2 22313775 1
4 38 chlqtp 1
1 233051599
2 42 5
4 43 zplhdr 1
3 26 733897521 1
1 129127656
4 25 wybruayklk 1
2 30 8
1 68560965
1 4384160
3 10 418151755 1
1 58553262
1 150650632
1 15937592
4 24 ytadom 0
1 8930208
1 310625836
1 517356801
4 17 zplpelnr 0
3 43 729961728 0
3 8 249936687 1
1 811340281
3 3 201697475 1
2 13 9
4 15 kouudug 0
1 226508257
4 34 adwjhfd 1
4 20 rqagma 1
2 40 9
1 428085043
3 31 811340281 0
1 61376076
1 6825384
1 235362469
4 30 lxkork 1
4 11 pvkgtkv 1
1 435127071
4 43 gwlwyzm 1
1 199845472
4 3 rozxibvfkb 0
4 29 zplhdr 1
1 527264919
1 475742960
4 34 rlehjdls 1
1 1036665200
1 163389408
1 104617180
4 49 ueyiciaqsh 1
1 54205565
1 780562059
1 193309801
3 39 15937592 0
1 341106833
4 44 xudbn 1
1 379655667
1 454069513
3 46 233051599 0
1 351052405
4 40 szuyx 1
4 10 chlqtp 1
1 234301491
3 37 32311450 1
1 305931048
4 20 aufkxardmp 1
4 10 nkkqorxbxu 1
4 21 iipjsgo 1
1 127894755
3 18 77942481 0
4 49 mkodri 1
4 5 lhshpvp 1
1 7562496
3 35 527264919 0
1 486836504
1 34726361
1 68997691
3 37 14594112 0
1 888966756
3 15 428085043 0
4 4 civqgzt 1
1 27197296
3 15 235362469 0
1 519298023
3 12 83434932 1
1 117147996
4 18 dpvwjhb 1
1 709962942
4 3 mxehaisw 1
1 185299893
1 389623256
4 31 pjusd 1
4 47 xqash 1
1 145994562
2 2 10
4 23 qqegaj 1
4 15 zplhdr 1
1 687979236
3 7 341455367 1
2 26 10
4 42 xpznamdl 1
1 518989600
1 426605689
1 1020796911
1 19859841
2 36 10
4 33 zplhdr 2
1 61748896
4 17 jbpvzatdwb 1
1 26554337
4 5 leczoti 1
1 497420155
2 29 10
3 30 499805610 1
1 239320140
3 47 110138090 0
4 32 rdxhm 1
2 9 10
1 435137747
1 127015765
1 91623677
2 39 6
3 38 254076576 0
1 86883420
3 34 709962942 0
2 23 10
1 80122630
3 13 351052405 0
1 37661191
3 32 61376076 0
2 12 10
4 2 fqzyc 1
2 14 10
1 392232751
1 300913284
3 33 870046 0
4 33 jxhbaqc 1
4 23 aftmtofk 1
1 127925000
1 119917876
3 42 32311450 0
1 74991439
2 35 10
1 75087810
1 291949599
1 942657705
3 27 136515295 1
1 383209601
3 48 709962942 1
1 473052570
4 19 rjvjclooo 1
4 48 ndxxcckw 1
3 29 497420155 1
1 1042074650
3 14 453965051 0
1 107332770
1 20039176
4 0 uygosbi 1
1 76070310
1 612101934
1 464865781
1 536857005
1 596575344
1 179182417
4 32 sisxte 1
1 39641490
1 75772620
2 8 10
1 1163375
4 42 iwdxhjt 1
1 30706335
4 21 gmzblb 1
1 152793170
4 17 tzzxx 1
4 27 ehujmynaxx 1
1 401288720
1 44395680
3 24 596868926 0
1 354269400
4 23 vhwtwyfvz 1
1 13507515
1 2455806
1 278409591
1 589529526
1 171383128
3 31 589529526 0
1 719749800
3 40 453965051 0
4 35 htdaucar 1
4 8 lrsyx 0
1 473254503
3 49 811340281 1
1 679940880
3 47 222743977 0
1 80579301
4 32 rxlgxtl 1
1 237640384
1 591371182
4 20 dksrfmz 1
3 16 612101934 1
4 33 zplhdr 2
2 21 10
1 144242149
1 408674622
4 23 szuyx 1
2 31 10
1 48861010
2 40 10
4 34 btwjx 1
1 279090630
1 409541663
3 16 152793170 0
4 24 ihltdjz 1
2 16 9
4 41 gmhfzmcak 1
1 285913448
4 44 szuyx 1
1 4011557
4 22 nxiaebb 1
1 33957126
2 30 10
4 0 acaducl 0
4 3 mnegv 1
1 423323997
1 164533527
1 27228961
4 48 lvqnuemr 1
4 43 iqnrrboyq 1
1 537555330
4 1 xjfhomlcjk 1
3 45 61376076 1
1 310543233
2 9 10
4 31 jwutxp 1
3 9 239320140 1
1 127356516
4 18 agpio 1
2 42 10
1 148404133
4 48 lliadteq 1
3 34 237640384 1
1 477388561
4 0 ktcnsfe 1
1 344671720
1 268553950
1 12796728
1 21449120
1 15259410
4 24 hznsqrk 1
4 46 jzlimkz 1
1 20745601
1 492680930
1 629196703
1 666211017
3 30 14594112 0
1 194146290
1 161115136
3 16 591371182 1
1 529755856
4 35 egqeoxhzv 0
4 35 dpvwjhb 1
1 437610679
3 20 46741127 0
1 49222344
2 48 10
4 18 coysymbagy 2
3 15 26554337 1
1 25200375
2 39 10
3 18 589529526 1
4 17 vpmawlgkyc 0
1 188643618
3 10 80579301 0
3 4 527264919 1
4 21 rgwgkyiy 1
4 19 awozle 1
1 603191484
1 204802697
1 223865694
1 117565650
2 19 10
1 257280489
4 35 uajouuchl 1
2 12 10
1 79680511
3 14 80579301 1
4 14 hwkms 1
1 187290884
2 48 10
3 36 44395680 1
1 487469713
3 38 224890425 0
4 46 jkskpixvm 1
4 47 pmpihgrbzm 1
1 617370201
3 49 14042558 0
4 12 awozle 1
2 25 10
4 49 jxhbaqc 1
3 22 336594324 0
2 9 10
1 35720
4 19 gmzblb 1
4 5 lecegymvf 1
4 30 mspppkbyw 1
1 139449843
2 31 10
4 31 gmzblb 1
3 0 153205885 0
4 1 byjfoxw 1
2 19 10
1 71098639
3 12 596868926 0
4 12 wsbfe 1
1 707436935
3 8 666211017 0
4 20 qsneitod 1
4 16 tbnjbks 1
1000 0 50 10 500 1 20 10 76979037
1 812723508
1 582630373
1 1020622176
1 558887617
1 57113805
1 222701752
1 599506515
1 162260357
1 543257475
1 288044614
1 1810470
1 34423861
1 640651801
1 286339900
1 88214680
1 281314161
1 10705780
1 55426800
1 982464
1 406160608
1 717160513
1 346013988
1 13599198
1 6309066
1 195787683
1 51122717
1 212673714
1 52340727
1 715201305
1 419747142
1 380405214
1 706149120
1 285385920
1 114238550
1 3890251
1 15267140
1 45520267
1 634193137
1 274516525
1 14705388
1 24695244
1 1137341
1 288922626
1 656060616
1 71487157
1 224440701
1 1690416
1 389517144
1 5881791
1 173841680
1 367267208
1 307827759
1 235055996
1 26491592
1 256109401
1 535925082
1 624325911
1 196438921
1 6567051
1 213372084
1 2905430
1 541001877
1 562161748
1 457211175
1 83064960
1 112653563
1 129100346
1 32635491
1 185176260
1 272452591
1 89992535
1 64156869
1 459584445
1 552225880
1 100892132
1 966071898
1 417109248
1 472455846
1 49512736
1 688405991
1 305689680
1 351586070
1 26301423
1 349719750
1 299780713
1 3024816
1 243540095
1 311890997
1 403022400
1 200209095
1 192236439
1 212032381
1 54393675
1 301789008
1 18507595
1 53672736
1 22583274
1 624906913
1 54742757
3 0 224440701 1
3 38 351586070 1
4 27 dwgekg 0
2 41 10
4 16 vorvkmjto 1
1 210090493
4 39 bqnxh 1
4 46 uunhqlcude 1
3 37 6309066 0
1 167768645
1 52977600
4 44 rdokbofc 0
1 279474589
4 27 arhjn 0
1 56378861
2 10 10
2 8 10
3 39 71487157 1
1 7901510
3 19 706149120 1
1 50660809
1 96514176
4 47 uunhqlcude 1
1 241362535
1 11266700
1 575344250
1 67781000
3 40 83064960 0
2 10 10
4 42 bqnxh 1
4 23 gqubfp 1
4 36 codnsqog 1
1 210536190
1 140978565
1 50730012
2 25 10
4 39 xricalipx 1
4 19 vqaeing 1
3 40 459584445 1
2 21 10
1 601523478
1 49407448
4 7 bboqohl 1
4 16 lnaqa 1
2 34 10
3 49 601523478 1
1 536190
3 28 272452591 0
4 43 mdypcjk 1
4 32 gcxfu 1
1 107323649
2 36 10
4 16 uixbawgdot 1
1 552123584
3 32 54742757 0
1 138414172
4 26 oulilnss 1
4 4 gazupnm 2
2 11 10
1 27288960
2 31 10
4 6 bdnxzp 1
4 0 omncwyro 1
1 284895299
1 15668920
3 49 96514176 0
1 364933189
4 47 lpozj 1
1 2600439
4 18 dpxfn 1
1 159137136
3 39 173841680 0
2 13 10
3 1 49407448 1
1 173310017
3 48 311890997 0
1 452952639
3 5 7901510 0
4 8 tvlxrj 1
1 273854390
1 589300481
4 43 wiqszdlud 1
4 13 bbpwphg 1
1 68543607
4 8 uiqnhifvu 1
3 22 1137341 1
1 385483840
1 226359484
4 25 nnlpaqez 1
4 4 dpxfn 1
4 25 nqonicbtnp 1
3 7 224440701 0
1 574856162
1 114148551
3 0 64156869 1
1 59365615
4 2 mbqsrk 1
4 10 kwbvvlcd 1
3 19 301789008 0
2 39 10
2 4 10
1 555454568
4 43 nwwpyxpi 1
1 984987100
2 10 10
2 47 10
1 15855873
1 605410665
1 347730092
1 340509041
1 371913404
4 40 vnznlpj 1
4 9 dcyvzquqx 1
4 38 bjstim 1
4 44 nvlsuholiq 1
3 39 68543607 0
2 4 10
4 46 isndl 1
2 48 10
4 33 gevipbd 1
1 724496465
4 35 nydlgory 1
2 20 10
3 38 11266700 1
4 12 qpkjzmt 1
1 48242403
2 23 10
4 8 gqpktvl 1
1 110187185
2 45 10
3 48 56378861 1
3 25 273854390 1
1 55442899
4 10 ofsig 1
1 29473275
1 764520402
1 79109236
3 23 53672736 1
4 27 gsblug 1
1 3817935
1 7090440
4 37 dibzbhyam 1
3 35 589300481 0
4 44 ahzzz 2
1 647501496
1 449430383
4 32 nqonicbtnp 1
1 370590959
4 29 mjded 1
2 21 10
1 431463456
1 562780940
1 14023152
3 49 5881791 0
4 0 uiqnhifvu 1
4 11 eplpggwv 1
4 47 dnjgtkkxj 1
1 52203533
3 2 966071898 1
3 35 406160608 0
4 18 waglk 1
1 51731790
4 25 rcxjc 1
4 5 vmpqgc 1
2 23 10
4 49 eregh 1
3 11 272452591 0
4 11 rumpajjh 0
3 3 605410665 1
1 340546165
2 48 10
4 5 mdypcjk 1
3 38 555454568 1
1 700375335
4 2 pokmornweh 1
1 407130040
1 122424969
2 35 10
4 38 kwbvvlcd 1
4 9 vxxvgfgsh 1
4 29 uvrdpiyl 1
4 46 kogcbcpy 2
1 220715553
4 19 qnpxzwbasz 1
4 5 gxfomyiqa 1
4 30 cbqwr 1
1 310705801
4 3 mvbfq 2
1 245929538
4 40 fcajtexnlq 1
1 811944649
1 60695049
4 38 lxgtyuib 1
1 213872778
4 29 ezgkuqpv 1
4 40 mghfxnhrc 1
4 19 kogcbcpy 2
1 437993490
4 17 vxxvgfgsh 1
1 802477233
4 28 wxrmu 1
3 36 724496465 1
4 16 pokmornweh 1
4 29 mtusmnlyc 1
1 348361488
1 91255260
4 43 grindfryhi 1
2 18 10
1 348712
2 3 10
1 204448825
1 65144855
1 517500828
1 336946465
3 15 459584445 1
4 37 mtjtid 1
1 366539385
3 46 764520402 1
4 33 kogcbcpy 1
1 726395000
3 49 212032381 0
1 137345851
4 37 tykon 1
4 1 ibnkws 1
4 6 dnjgtkkxj 1
1 909810441
4 15 adjkkbw 1
1 476711620
2 49 10
2 40 10
2 6 10
1 167879251
2 46 10
3 4 552225880 0
1 426135508
3 12 552123584 0
3 14 476711620 1
4 27 jfqgydveg 1
2 16 10
1 96183276
4 49 kkbinh 0
1 221824960
3 2 340509041 1
1 90447955
3 28 107323649 0
3 49 811944649 1
3 24 220715553 1
1 389221525
4 47 wenlt 1
1 64945800
1 400820559
1 1029490
2 49 9
2 2 9
1 598028018
1 385681232
4 8 xayazbydbp 1
1 447485752
4 41 gevipbd 1
1 102028518
1 680507311
1 134865046
1 181166907
4 17 grindfryhi 1
1 34747785
3 5 400820559 0
3 37 476711620 1
1 74696194
1 541856459
2 28 10
4 20 vopzhmvhy 2
3 9 181166907 1
3 19 122424969 0
4 22 xofzwo 2
1 11095824
2 42 10
2 4 10
1 12102525
2 12 10
3 37 364933189 0
4 13 taruqrgqrm 1
1 325470000
3 3 726395000 1
1 857739182
4 30 ynvkmwbtoc 1
2 5 10
4 38 zowibnj 1
3 29 589300481 1
4 36 koioyldk 1
1 20297628
1 171973596
3 17 764520402 1
3 23 301789008 0
1 902673991
1 803777176
1 55575828
1 31752222
4 45 doogew 1
3 26 517500828 1
3 5 52977600 0
1 305180088
1 159393472
1 63413189
4 32 vuibyzjl 1
4 33 ruitp 1
4 0 wzegou 0
1 471902550
3 13 598028018 0
4 6 jgukgz 0
1 1690830
4 33 ptcsdexnf 1
4 36 hyxpsmqvyj 2
1 55146546
3 23 196438921 0
1 218146142
1 293278608
4 15 rbrzj 0
4 39 zanyiyynke 1
4 38 mdypcjk 1
3 20 51122717 0
3 9 79109236 1
1 167910783
3 33 51731790 0
3 24 55442899 0
4 5 noimvkcena 1
4 2 peivubw 1
1 30078408
3 25 63413189 1
3 46 902673991 1
3 25 220715553 1
1 374934131
4 22 naeuvi 1
1 99610479
1 31581550
2 44 10
4 21 bghloblcf 1
1 130499456
1 405172035
2 12 10
1 79951689
4 9 lyexgrfrph 1
4 38 zowibnj 1
4 9 ljhhqxsou 1
1 477531106
4 39 cwbxcjl 1
2 7 10
2 26 10
1 403362513
4 29 ojfqh 1
3 15 476711620 1
4 13 hebkkjr 1
4 35 wenlt 1
4 5 xpytiwxcp 1
4 35 vhhwnty 1
3 34 55575828 1
1 14099883
2 46 9
1 512693
4 11 wcbmzxx 1
4 45 jvuinymuz 1
1 24465951
1 155163060
4 14 lmkeumoyuw 1
1 287724337
1 70923671
1 133858077
1 514972173
4 45 grindfryhi 1
4 14 ysviwym 1
3 20 63413189 1
2 24 10
4 21 pwqvnc 1
1 68885712
3 30 536190 0
3 12 902673991 1
4 5 wxmuk 1
4 0 fchfnv 1
4 37 phlmv 1
4 16 rdokbofc 0
1 9683875
1 175893379
1 10277475
1 26253603
3 43 181166907 1
3 48 431463456 1
3 7 34747785 1
1 185054784
2 27 10
1 178728655
2 33 10
3 20 536190 0
1 103776048
1 183341557
3 1 909810441 1
3 46 380405214 0
4 45 uqwcgvga 1
4 44 dokituo 1
1 77946990
4 23 cwbxcjl 1
1 18727907
1 92671201
4 30 yrmeczqnq 1
3 34 5881791 0
1 517736461
1 261542881
4 27 cgphckcto 0
3 31 726395000 0
1 202517173
4 12 dpxfn 1
1 279059617
1 192742920
1 492259595
3 39 902673991 1
4 25 zowibnj 1
4 9 enaqogwld 1
1 62500501
3 10 60695049 0
2 38 10
1 721168
1 88411302
1 53687904
1 13371968
4 32 ezqgwokk 0
3 46 726395000 1
4 25 quscrarj 1
1 764487531
2 48 10
1 617480668
4 49 jvuinymuz 1
1 317308481
4 25 uunhqlcude 1
2 24 10
1 185381686
4 2 xqejouxwi 1
1 248707742
4 3 nceve 1
1 636373276
4 17 dbvkjm 1
4 28 kogcbcpy 1
3 0 909810441 1
1 265326161
2 5 10
4 39 xvnetdr 1
2 47 10
2 17 10
1 54192688
1 79341791
4 37 fqwlfjdj 1
1 69966001
4 1 nuqoey 1
1 245285040
2 31 10
4 8 pbayauoxs 1
1 539592937
3 45 99610479 1
1 442789610
1 166879848
4 21 ecivkoqqx 1
1 246727127
1 494750880
1 82573227
4 38 hgwcqiceqe 1
1 535338128
4 44 ojofmjgezy 0
4 20 nydlgory 1
2 13 10
1 166503612
1 63785833
2 5 10
3 8 405172035 1
3 39 130499456 1
3 44 210536190 0
4 24 rbpmybfke 1
4 40 vjulrrgswr 1
2 39 9
1 34661214
1 7439040
1 637431093
4 35 cwbxcjl 1
1 423662345
1 183912877
2 18 10
4 4 zdtwafqu 1
2 4 10
1 33487669
1 107754789
1 213618975
3 16 617480668 1
4 43 fnuakosm 1
3 6 220715553 0
4 45 brrkujgvpu 0
4 5 wxmuk 1
1 430947968
1 30175905
1 164130014
1 235541088
1 70710641
4 12 wxrmu 1
1 223898652
4 39 zanyiyynke 1
3 37 325470000 0
4 48 taruqrgqrm 2
1 107866601
4 25 ipklfge 1
4 4 lxgtyuib 1
1 899926025
1 557045739
1 37309889
4 28 cgphckcto 1
1 44350401
2 33 10
4 21 ryqbgxnpa 2
3 15 50660809 0
2 42 10
1 239487513
2 18 10
1 413688625
4 42 vgclqp 1
2 8 10
1 63579681
2 23 10
4 15 dnzqyhogw 1
1 615335064
4 10 hgwcqiceqe 1
1 22115329
2 47 10
4 3 vqaeing 1
4 40 zkbjm 1
3 25 7439040 1
1 375185980
1 521246977
1 273092743
1 212541340
1 233131570
4 12 hgwcqiceqe 1
3 31 966071898 0
4 10 qhfaztpwnw 1
4 0 gpkoq 0
3 21 246727127 1
1 291818485
4 37 tdkxjrrp 1
2 1 10
3 42 92671201 1
4 45 oulilnss 1
1 87199311
1 23745665
4 28 vnznlpj 1
1 323311100
1 156200227
4 41 vxxumsuloj 1
4 36 eoflsvwda 0
4 23 uelojuep 1
2 22 10
4 46 tpozqfihxn 1
4 8 hywwjbb 1
1 82296143
1 861259981
1 679954242
3 46 764520402 0
1 229220760
1 47062367
1 4141896
2 9 10
4 36 acbhxbzlhd 1
4 32 ecivkoqqx 1
3 31 617480668 1
1 118172992
3 2 375185980 1
4 24 brrkujgvpu 1
4 5 slfdtfbj 1
1 139781503
1 154281020
4 10 znvrcktwc 1
1 369825660
4 17 jesdxvg 1
3 29 284895299 0
2 34 10
1 121845996
1 32009117
4 20 bqnxh 1
1 321739316
4 25 rumnsxij 1
4 6 bwoua 1
4 34 oaonfsyr 1
1 442960633
1 533734873
4 27 tucys 1
4 36 fooyl 1
1 356248321
3 13 375185980 1
1 110312930
1 383086416
2 17 10
1 78046656
1 389371374
3 28 62500501 1
2 23 10
3 24 26253603 0
3 41 598028018 0
2 48 10
1 320924365
2 23 10
3 22 413688625 1
1 430213653
1 306867442
2 8 10
2 31 10
4 3 kkbinh 1
3 44 274516525 0
3 44 413688625 1
4 11 eidmdk 1
1 99451539
4 32 bfobnmtter 2
4 48 rumnsxij 1
2 14 10
3 33 49407448 0
2 43 10
1 145294561
4 47 adjkkbw 1
1 131695008
1 468451715
2 25 10
4 0 pajcgw 0
1 241180155
3 4 317308481 0
3 1 346013988 0
1 675445
1 307258770
3 21 63785833 1
1 33135031
3 14 79341791 1
2 16 10
3 4 82296143 1
3 20 52340727 0
1 423972660
1 120566637
4 47 ykdbhfla 1
4 17 dxdvxisl 1
1 44894201
4 45 ontty 1
4 49 bkdnujcuhh 0
1 783111446
1 284977985
3 49 248707742 1
4 18 uiqaal 0
1 173543721
1 19836144
1 499540179
1 54521797
4 43 awnhcixgv 1
1 657756896
1 283961378
3 27 299780713 0
4 22 rumpajjh 2
1 313143697
3 33 23745665 1
3 5 430947968 1
1 58913557
4 36 uvrdpiyl 1
2 26 10
3 1 430947968 1
2 28 10
3 28 82296143 0
4 27 noimvkcena 1
2 7 10
4 24 tpylhbpy 1
3 11 156200227 0
3 9 63579681 1
4 16 txnqzjlw 1
4 44 ufvnm 1
1 104439660
3 28 285385920 0
1 16909153
4 33 ewjrkqjb 1
3 48 44894201 1
4 48 rdenoh 1
3 41 107323649 0
1 6405203
2 0 10
4 46 kwbvvlcd 1
1 79415224
1 41493983
1 647360761
3 47 63579681 1
1 68162241
4 37 fooyl 1
4 45 ozldjca 1
1 321462400
3 17 514972173 0
1 718662564
3 4 287724337 0
1 114731604
2 5 9
2 25 10
3 33 679954242 1
4 35 gdbdabc 1
4 29 ymkujwkm 1
4 23 ozldjca 1
1 605297622
3 24 19836144 1
1 82900230
1 448773056
2 36 10
4 27 fioldnusrr 1
1 694394428
4 48 ibwbuldqdy 0
3 13 476711620 0
1 700260625
1 157882663
4 18 bdnxzp 1
4 13 tkvqbsmxc 1
1 266396180
4 27 kyxhqpq 1
3 21 68162241 0
1 147923062
1 287910720
4 25 atqsrxeh 0
4 5 ykdbhfla 1
2 32 10
4 34 rumnsxij 1
1 33206797
1 305048161
3 12 417109248 0
1 35702786
4 5 lxnrljszh 1
1 151793400
1 549856272
4 42 cawuluwuq 1
1 13622400
4 30 rdokbofc 1
2 15 10
4 37 dgjll 1
4 16 brrkujgvpu 1
4 0 vxigqlmna 1
2 2 10
3 16 811944649 0
1 464047489
1 111907621
3 10 291818485 1
4 24 uhpwegmg 1
1 277662762
1 19505552
1 166021345
4 5 kdyvtyvibd 1
4 6 wdyxvn 1
4 15 ysviwym 2
3 0 13599198 0
3 43 241180155 1
3 47 99451539 1
1 609994000
4 4 oaonfsyr 1
1 157324761
1 135452485
3 31 575344250 0
2 47 9
3 31 557045739 1
4 32 yaybyy 1
1 289072966
1 159493257
1 28984669
4 33 cykyzy 1
4 24 bdnxzp 1
1 119336049
4 8 juqjpazqw 1
1 137427319
3 32 82900230 1
1 300323250
4 23 ozldjca 1
1 104100412
3 38 320924365 1
3 10 694394428 1
4 21 fbyqhmeoko 0
3 9 34747785 0
4 27 wmrba 1
1 2679502
3 3 82900230 0
4 29 qmuzniq 1
4 26 ysviwym 1
4 16 oaonfsyr 1
1 144772695
1 30624602
4 48 lbtxxponz 1
3 35 89992535 0
2 23 10
3 16 156200227 0
4 31 dwgxxteea 1
1 101848968
3 15 306867442 1
1 11578918
4 6 cykyzy 1
1 530425000
1 760453281
4 49 qknzbd 1
1 24029775
2 27 10
3 4 120566637 1
1 928502624
4 34 rdenoh 1
1 48470943
3 42 289072966 0
1 76134720
1 600735960
1 1144595
4 45 cbqwr 0
1 340750784
1 44386681
3 10 34747785 0
1 396013310
4 42 fchfnv 1
1 552116820
3 11 293278608 0
1 2758140
4 32 zkhkq 1
3 47 44894201 1
3 1 307827759 0
1 582496893
3 11 552116820 1
2 24 10
4 9 vhhwnty 2
1 114465923
3 31 44350401 1
4 26 gdbdabc 1
1 496562385
4 35 llgaeunj 1
1 190839251
1 123610900
1 18764441
1 192786085
1 188149742
1 616261352
1 260619805
1 392530238
1 342828285
1 931081111
3 33 549856272 1
4 37 dpxfn 1
1 130519655
4 10 vopzhmvhy 1
4 0 hqjvnbd 0
1 84926699
4 24 pbcljzop 2
4 35 esrtlp 1
2 2 10
2 26 10
3 4 256109401 0
1 508156116
2 39 10
3 35 166021345 1
2 24 10
1 770270451
4 12 yocqsoxqgy 1
2 39 10
1 437895900
1 617705270
3 1 188149742 0
2 2 10
1 15478344
4 7 qknzbd 1
4 33 dbvkjm 1
2 6 10
1 227863748
3 30 300323250 1
4 19 lrhqburr 1
4 8 svtmhwdas 1
4 21 vopzhmvhy 1
1 2880348
1 775205995
4 33 dbvkjm 1
4 28 pykrgabqlg 0
4 23 lmvpkgvpvu 1
4 18 vopzhmvhy 1
3 43 321462400 1
4 49 kptzcpzohi 1
1 446896644
4 22 ihagg 1
1 155186598
1 253047383
4 33 yxylnltvh 0
3 39 192786085 1
1 352623478
4 16 ydknr 1
1 89397455
2 19 10
1 15521404
1 595010682
3 21 2880348 1
3 29 3890251 0
4 39 dlnabzxsj 1
3 25 984987100 0
3 27 928502624 1
1 435552578
3 22 437895900 0
3 25 340750784 1
4 28 uornofn 1
1 173999715
4 11 wyjmnbliq 1
4 25 ntkqil 1
1 333965311
3 24 159493257 1
1 15982560
