50
2 1 1406932606
33 69
3 3 1293799192
36 95
61 95
95 -1
4 4 996984527
26 68
68 -1
7 52
52 -1
5 5 1282976734
28 -1
81 -1
87 97
97 -1
30 -1
6 5 1787378757
68 -1
10 -1
28 35
35 -1
81 -1
7 5 1700663191
42 -1
48 93
21 -1
92 -1
64 92
8 7 1070152012
8 68
55 -1
50 -1
51 -1
78 -1
52 -1
60 -1
9 6 1693682686
63 -1
83 -1
89 90
90 -1
4 -1
11 50
10 6 1534648670
91 -1
33 74
4 -1
56 -1
74 -1
38 -1
11 7 606753845
66 93
91 93
19 -1
27 74
93 -1
30 -1
3 -1
12 9 429033316
41 -1
26 -1
86 87
87 -1
33 -1
35 61
61 -1
9 33
53 57
13 9 1128563016
68 -1
7 31
46 -1
49 -1
55 -1
61 -1
66 86
23 46
86 91
14 11 460325307
68 82
55 82
82 -1
15 -1
50 82
97 -1
6 68
22 77
77 97
57 -1
78 -1
15 12 1510771047
25 31
26 -1
84 -1
65 -1
58 -1
44 79
12 26
76 91
52 -1
87 -1
46 -1
31 -1
16 13 5820207
16 66
82 97
26 -1
47 56
33 61
83 -1
97 -1
55 63
56 98
57 61
61 -1
98 -1
3 -1
17 14 238923923
4 64
14 19
61 64
29 -1
90 -1
15 -1
50 -1
34 75
19 64
23 -1
75 -1
64 -1
33 75
39 -1
18 15 920627283
29 33
87 -1
93 -1
38 -1
8 68
90 -1
57 -1
30 -1
82 96
33 -1
84 -1
43 87
68 -1
96 -1
52 87
19 13 26602095
37 83
68 79
87 -1
46 73
11 79
47 -1
48 -1
15 46
20 -1
50 85
51 -1
52 -1
53 -1
20 18 1168441384
33 -1
64 95
2 21
15 90
34 -1
21 85
70 95
85 -1
46 95
86 -1
65 91
67 -1
90 -1
72 -1
91 -1
95 -1
16 -1
24 85
21 16 1583090677
9 77
92 -1
94 -1
84 94
59 94
52 -1
74 -1
40 74
13 -1
18 52
10 87
79 -1
41 -1
55 -1
96 -1
76 94
22 19 881641359
16 -1
75 -1
93 -1
52 -1
17 32
78 -1
20 -1
85 -1
27 -1
58 -1
59 -1
45 -1
18 -1
19 35
24 -1
25 75
32 59
29 -1
33 58
23 17 1190147931
32 -1
46 -1
20 71
21 -1
43 -1
62 88
38 62
63 -1
5 96
67 -1
71 79
16 -1
77 99
79 96
82 -1
85 -1
96 -1
24 18 1919851156
81 -1
12 93
37 -1
93 -1
42 62
62 -1
64 93
99 -1
27 66
14 -1
44 62
45 62
28 -1
15 -1
66 -1
50 -1
70 -1
74 99
25 18 1605229861
12 93
6 44
93 98
54 -1
75 99
66 -1
96 -1
76 -1
40 -1
98 -1
44 -1
99 -1
8 44
9 75
13 30
45 96
14 -1
19 -1
26 22 1961850889
26 98
95 97
71 -1
37 98
80 97
70 80
53 -1
74 -1
17 -1
96 -1
43 -1
98 -1
82 -1
66 -1
19 -1
47 -1
97 -1
56 -1
99 -1
1 -1
57 -1
2 -1
27 19 124032860
73 98
79 -1
50 51
85 -1
93 -1
97 98
17 -1
68 -1
98 -1
4 52
6 64
66 -1
51 68
8 -1
9 -1
12 -1
22 -1
23 -1
52 -1
28 23 406092683
13 -1
41 -1
92 99
30 92
37 -1
82 -1
60 -1
7 -1
72 -1
63 -1
44 -1
99 -1
15 -1
51 73
50 -1
69 -1
1 -1
73 -1
4 -1
20 -1
23 -1
21 -1
22 -1
29 22 13261657
94 96
21 -1
68 -1
9 94
14 21
30 57
47 -1
51 -1
41 -1
4 -1
67 81
23 -1
10 -1
87 -1
81 -1
28 51
32 -1
38 41
43 97
55 -1
83 -1
85 -1
30 24 713784173
60 -1
49 -1
24 47
59 73
35 80
3 -1
5 -1
78 -1
66 -1
84 -1
16 -1
69 -1
53 -1
80 -1
42 -1
33 -1
70 -1
48 92
71 -1
37 78
44 -1
47 -1
92 -1
72 -1
31 24 125486962
37 51
86 -1
4 44
44 -1
41 86
51 -1
58 -1
59 74
77 78
61 -1
65 -1
18 98
43 44
73 -1
7 -1
74 98
78 -1
8 74
94 -1
93 -1
80 81
9 -1
81 -1
82 -1
32 26 689894798
95 -1
38 71
16 -1
6 -1
73 83
25 61
67 -1
27 63
3 -1
28 83
29 -1
85 -1
57 91
39 -1
42 -1
89 -1
46 76
78 -1
47 -1
48 -1
58 -1
59 -1
61 -1
63 -1
86 -1
79 -1
33 23 224832055
67 83
18 -1
93 -1
33 46
94 -1
81 94
10 68
61 83
99 -1
34 99
5 -1
68 -1
69 -1
43 -1
76 -1
20 -1
11 -1
14 -1
83 -1
77 -1
86 -1
21 -1
30 93
34 27 472987788
52 -1
27 -1
98 -1
80 93
4 -1
75 -1
15 41
87 -1
7 25
16 -1
81 82
33 -1
54 -1
63 87
8 -1
25 41
55 94
66 -1
17 96
44 -1
93 -1
67 -1
22 -1
82 -1
94 -1
41 -1
95 96
35 25 136718860
24 82
49 -1
71 -1
78 -1
3 -1
67 -1
83 -1
40 42
5 -1
54 -1
26 45
74 -1
11 78
72 -1
28 -1
45 -1
18 -1
42 -1
51 61
52 81
77 -1
53 -1
60 -1
61 -1
63 -1
36 30 859214549
69 97
62 76
80 -1
36 57
6 16
8 16
40 -1
97 -1
16 -1
63 -1
41 -1
42 -1
71 97
29 30
67 -1
51 -1
24 62
13 47
72 97
94 -1
75 -1
30 -1
98 -1
64 -1
43 -1
53 -1
78 -1
15 47
55 -1
46 72
37 29 694475458
68 -1
5 36
51 -1
53 -1
78 -1
25 -1
21 46
48 -1
46 -1
30 78
84 88
85 88
26 -1
6 17
38 56
36 53
17 78
71 85
7 51
32 -1
18 -1
19 85
22 -1
88 -1
72 -1
31 49
34 96
37 -1
95 97
38 30 728546753
85 -1
68 -1
98 -1
37 88
72 -1
71 -1
87 -1
41 68
73 -1
96 -1
8 38
38 -1
74 -1
44 85
94 -1
79 98
58 -1
53 -1
9 21
54 74
17 94
80 -1
18 -1
59 -1
21 37
11 -1
19 -1
88 -1
20 -1
61 62
39 28 353983320
93 -1
88 96
60 -1
58 62
27 -1
50 -1
81 91
96 -1
24 90
69 -1
87 90
21 82
61 -1
25 -1
62 -1
90 -1
1 -1
63 -1
91 -1
70 -1
28 90
74 -1
82 -1
4 70
29 -1
6 81
37 -1
15 -1
40 31 926413832
73 -1
94 -1
80 -1
26 97
99 -1
82 97
59 80
87 -1
21 27
33 59
88 -1
36 -1
37 -1
66 -1
11 27
50 -1
51 96
95 -1
48 -1
49 59
14 -1
15 59
52 -1
29 -1
53 54
22 56
96 -1
97 -1
25 95
40 87
27 -1
40 32 1163464578
61 -1
21 -1
72 -1
44 52
86 -1
14 82
26 80
64 -1
65 77
47 87
80 -1
77 -1
49 61
70 91
50 53
55 -1
66 73
52 -1
71 -1
82 -1
92 -1
73 -1
74 -1
3 89
89 -1
22 -1
75 -1
84 85
51 -1
90 -1
85 -1
5 89
40 32 786464373
74 -1
31 -1
70 91
28 -1
60 70
51 -1
6 58
77 -1
83 -1
13 51
15 86
91 -1
45 86
46 -1
16 18
90 -1
34 53
85 -1
87 -1
18 -1
52 58
53 -1
78 -1
82 -1
86 90
36 -1
54 -1
55 -1
92 -1
56 -1
20 30
57 -1
40 31 918982132
80 81
22 -1
44 48
81 -1
14 24
21 69
82 86
54 -1
49 -1
33 54
24 48
91 -1
10 -1
18 89
59 -1
25 -1
50 -1
46 -1
6 86
64 -1
55 82
19 95
35 -1
20 -1
68 88
86 -1
26 -1
88 -1
8 -1
30 88
40 48
40 31 1837796622
42 -1
88 -1
9 -1
67 99
99 -1
15 -1
93 99
75 99
35 82
69 87
2 -1
71 -1
11 71
74 -1
18 -1
6 18
29 -1
16 -1
95 -1
86 -1
43 -1
39 67
87 -1
90 -1
92 -1
14 -1
22 -1
47 88
24 -1
51 -1
25 86
40 32 1964400088
72 98
35 58
12 17
59 -1
77 -1
22 -1
73 -1
14 22
89 98
50 -1
78 -1
58 -1
15 50
98 -1
17 -1
37 -1
1 5
80 -1
42 73
5 12
60 -1
68 89
13 -1
19 25
25 60
26 -1
81 -1
63 -1
39 -1
27 -1
51 80
28 -1
40 31 2085186467
17 60
51 -1
60 67
33 69
21 -1
37 91
83 -1
12 33
97 -1
18 -1
23 -1
67 -1
20 97
22 -1
84 -1
24 -1
34 -1
35 -1
90 -1
79 -1
85 -1
36 -1
88 91
38 -1
52 68
39 86
82 -1
54 69
86 -1
91 -1
41 -1
40 30 848576261
51 57
55 -1
80 -1
13 88
81 -1
36 -1
15 -1
32 80
83 85
7 34
85 -1
40 -1
61 -1
66 -1
87 -1
56 -1
39 80
16 -1
43 88
68 -1
19 80
21 -1
57 59
22 -1
58 -1
41 -1
34 -1
60 -1
69 -1
23 56
40 30 1858021206
85 87
29 54
30 49
9 81
66 86
5 67
81 -1
10 45
14 34
99 -1
33 -1
45 86
94 -1
34 -1
35 -1
60 -1
37 -1
65 68
53 -1
15 -1
2 -1
67 99
38 66
95 99
40 53
4 -1
86 -1
16 -1
68 -1
74 -1
40 29 1246421475
6 44
31 -1
93 96
70 -1
56 57
82 -1
25 56
28 -1
96 -1
79 -1
81 -1
43 56
2 -1
35 71
47 -1
26 -1
3 -1
4 47
27 -1
38 -1
41 -1
61 -1
5 93
44 -1
9 -1
46 73
8 86
48 -1
49 56
40 32 801839023
49 91
15 -1
61 -1
94 -1
77 -1
14 -1
62 -1
78 -1
72 -1
91 -1
54 -1
17 30
68 -1
95 -1
75 -1
96 -1
56 63
67 98
10 -1
24 49
30 54
33 -1
63 -1
69 -1
11 56
98 -1
64 68
89 -1
37 75
76 -1
79 -1
40 -1
40 31 658934422
14 -1
80 81
24 -1
15 -1
61 -1
64 -1
71 87
37 98
72 -1
38 -1
85 -1
89 -1
73 74
74 -1
6 7
40 -1
7 -1
81 -1
86 -1
87 -1
44 -1
98 -1
9 -1
11 71
13 81
26 -1
16 -1
17 -1
18 24
19 37
20 -1
