5 100
114 2 10000 5 20 30 20
0 0 0 0 0 0 0 0 0 0
0 0 0 0 0 0 0 0 0 0
0 0 0 0 0 0 0 0 0 0
1 4 3 2 0 0 0 0 0 0
2 5 4 3 1 0 0 0 0 0
3 5 4 2 1 0 0 0 0 0
5 4 3 2 1 0 0 0 0 0
6 5 4 3 2 1 0 0 0 0
6 7 5 4 3 2 1 0 0 0
6 7 5 4 3 2 1 0 0 0
6 7 5 4 3 2 1 0 0 0
7 8 6 5 4 3 2 1 0 0
8 7 6 5 4 3 2 1 0 0
8 7 6 5 4 3 2 1 0 0
8 7 6 5 4 3 2 1 0 0
9 8 7 6 5 4 3 2 1 0
11 10 9 8 7 6 5 4 3 2
13 12 11 10 9 8 7 6 5 4
13 12 11 10 9 8 7 6 5 4
13 14 12 11 10 9 8 7 6 5
13 14 12 11 10 9 8 7 6 5
8212 5 10000 10 20 50 40
0 0 0 0 0 0 0 0 0 0
2 0 0 0 0 0 0 0 0 0
1 6 4 3 0 0 0 0 0 0
9 5 2 0 0 0 0 0 0 0
9 8 6 5 4 2 0 0 0 0
11 9 8 6 5 4 2 0 0 0
10 11 7 6 4 3 1 0 0 0
10 11 7 6 4 3 1 0 0 0
9 5 2 0 0 0 0 0 0 0
9 5 2 0 0 0 0 0 0 0
14 11 6 4 0 0 0 0 0 0
14 13 11 9 8 6 5 4 2 0
15 16 14 13 11 9 8 6 5 4
16 17 9 5 2 0 0 0 0 0
15 16 14 13 11 8 6 4 0 0
15 16 14 13 11 8 6 4 0 0
15 16 18 17 14 13 11 9 8 6
20 14 12 11 10 7 6 4 3 1
19 21 22 18 17 16 15 14 13 11
21 23 22 19 18 17 16 15 14 13
23 19 18 17 16 9 5 2 0 0
23 22 21 19 18 17 16 15 14 13
23 25 22 21 19 18 17 16 15 14
23 22 21 19 16 15 14 13 11 8
25 23 22 21 19 18 17 16 15 14
25 26 23 22 19 18 17 16 15 13
26 25 23 22 21 19 18 17 16 15
23 22 21 19 16 15 14 13 11 8
26 25 23 22 21 19 18 17 16 15
26 25 23 22 19 18 17 16 15 13
3823 10 20000 20 30 100 50
0 0 0 0 0 0 0 0 0 0
0 0 0 0 0 0 0 0 0 0
0 0 0 0 0 0 0 0 0 0
0 0 0 0 0 0 0 0 0 0
0 0 0 0 0 0 0 0 0 0
1 0 0 0 0 0 0 0 0 0
1 0 0 0 0 0 0 0 0 0
2 0 0 0 0 0 0 0 0 0
0 0 0 0 0 0 0 0 0 0
1 0 0 0 0 0 0 0 0 0
1 0 0 0 0 0 0 0 0 0
0 0 0 0 0 0 0 0 0 0
1 0 0 0 0 0 0 0 0 0
4 0 0 0 0 0 0 0 0 0
0 0 0 0 0 0 0 0 0 0
4 0 0 0 0 0 0 0 0 0
4 6 0 0 0 0 0 0 0 0
4 1 0 0 0 0 0 0 0 0
4 1 0 0 0 0 0 0 0 0
4 1 0 0 0 0 0 0 0 0
6 11 0 0 0 0 0 0 0 0
6 11 0 0 0 0 0 0 0 0
10 8 1 0 0 0 0 0 0 0
4 0 0 0 0 0 0 0 0 0
10 8 1 0 0 0 0 0 0 0
12 13 4 0 0 0 0 0 0 0
12 14 11 6 0 0 0 0 0 0
13 4 1 0 0 0 0 0 0 0
10 8 1 0 0 0 0 0 0 0
13 4 1 0 0 0 0 0 0 0
13 12 4 0 0 0 0 0 0 0
14 15 12 11 6 0 0 0 0 0
13 4 1 0 0 0 0 0 0 0
15 14 6 0 0 0 0 0 0 0
15 14 13 10 8 6 4 0 0 0
16 13 12 7 5 4 1 0 0 0
16 13 12 4 1 0 0 0 0 0
16 15 14 12 11 10 8 6 0 0
15 14 9 7 6 5 3 2 0 0
16 12 10 8 1 0 0 0 0 0
16 13 12 4 0 0 0 0 0 0
15 14 13 6 4 1 0 0 0 0
15 14 6 0 0 0 0 0 0 0
17 20 19 16 12 10 8 1 0 0
15 14 13 6 4 1 0 0 0 0
23 22 15 14 6 0 0 0 0 0
23 16 13 12 4 0 0 0 0 0
22 20 19 18 17 16 15 14 12 11
24 23 20 19 17 16 13 12 10 8
22 21 20 19 17 16 12 10 9 8
24 23 21 15 14 9 7 6 5 3
24 23 22 20 19 17 16 12 10 8
20 19 17 15 14 13 10 8 6 4
24 25 23 15 14 13 6 4 1 0
24 25 23 22 15 14 6 0 0 0
22 21 20 19 17 16 12 10 9 8
26 24 23 20 19 17 16 13 12 10
26 24 23 22 21 20 19 18 17 16
25 26 24 23 21 15 14 9 7 6
26 25 24 23 21 15 14 9 7 6
26 25 24 23 22 15 14 7 6 5
27 28 26 24 23 20 19 17 16 13
27 28 26 24 23 20 19 17 16 13
28 27 25 20 19 17 15 14 13 10
31 27 22 21 20 19 17 16 12 10
29 28 26 24 23 16 13 12 4 0
29 28 26 24 23 16 13 12 4 0
32 29 28 26 25 24 23 22 15 14
32 29 28 26 25 24 23 22 15 14
32 33 31 27 26 24 23 22 21 20
31 29 28 27 26 24 23 20 19 17
33 31 27 26 25 24 23 21 20 19
34 35 32 30 29 28 22 18 16 13
34 36 35 32 30 29 28 22 18 16
36 34 33 32 31 27 26 24 23 22
37 31 29 28 27 25 20 19 17 15
37 36 31 29 28 27 26 24 23 20
36 33 31 27 26 25 24 23 21 20
36 37 35 34 32 30 29 28 22 18
36 37 31 29 28 27 26 24 23 20
35 34 32 31 30 27 26 25 24 23
38 36 34 33 32 31 27 26 24 23
38 36 34 33 32 31 27 26 24 23
38 37 36 35 34 32 30 29 28 22
37 36 31 29 28 27 26 24 23 20
38 37 36 35 34 32 30 29 28 22
41 37 31 29 28 27 25 20 19 17
41 39 37 35 30 29 28 26 24 23
40 42 39 38 36 34 33 32 31 27
42 41 44 43 40 39 38 37 36 35
42 46 45 44 41 40 39 37 33 29
42 46 45 44 43 41 40 39 38 37
44 48 47 42 40 39 38 36 34 33
46 45 44 47 41 39 38 37 36 34
46 47 45 44 41 39 38 37 36 34
51 49 47 50 46 44 43 41 38 37
51 49 52 50 48 47 46 44 43 42
51 48 47 45 42 40 39 36 33 31
51 50 48 47 44 42 40 39 38 36
52 51 53 50 49 47 46 44 43 41
52 53 50 47 46 45 44 41 39 38
3992 20 20000 100 200 300 100
0 0 0 0 0 0 0 0 0 0
1 0 0 0 0 0 0 0 0 0
4 0 0 0 0 0 0 0 0 0
0 0 0 0 0 0 0 0 0 0
2 7 0 0 0 0 0 0 0 0
2 7 0 0 0 0 0 0 0 0
5 0 0 0 0 0 0 0 0 0
2 5 13 10 7 0 0 0 0 0
10 0 0 0 0 0 0 0 0 0
2 5 13 7 17 14 10 0 0 0
6 4 15 16 12 10 8 0 0 0
10 0 0 0 0 0 0 0 0 0
3 16 23 19 1 0 0 0 0 0
16 29 23 19 3 1 0 0 0 0
16 32 29 23 19 3 1 0 0 0
16 30 19 0 0 0 0 0 0 0
9 31 30 0 0 0 0 0 0 0
15 25 24 12 8 7 6 4 2 0
22 14 28 23 20 5 1 0 0 0
16 32 29 23 19 3 1 0 0 0
13 34 26 22 21 14 40 39 37 33
27 38 36 32 29 25 3 0 0 0
15 13 26 21 14 41 37 28 25 24
34 16 38 30 19 0 0 0 0 0
15 34 27 26 16 41 36 24 19 12
29 27 38 36 32 25 3 0 0 0
26 25 10 0 0 0 0 0 0 0
35 29 42 32 23 19 16 3 1 0
40 49 43 33 31 26 10 9 7 2
45 53 49 48 41 37 24 22 21 20
54 42 55 50 48 37 32 31 30 29
41 45 39 51 48 37 24 22 21 20
49 48 44 56 53 38 37 28 25 22
49 48 64 61 60 56 53 44 38 37
50 59 58 55 56 45 44 42 41 32
58 57 69 68 67 66 64 60 53 49
68 66 61 67 60 48 45 44 43 41
65 69 80 70 64 79 77 73 72 63
67 66 82 64 62 60 59 55 53 51
69 80 77 74 70 76 75 86 82 79
69 77 70 71 86 82 64 62 58 55
69 70 77 71 88 86 82 64 62 58
87 74 84 76 72 90 89 85 73 68
87 80 88 84 92 81 78 76 75 74
80 87 94 85 81 91 90 84 95 92
87 94 81 95 88 84 99 98 97 96
87 88 103 102 100 96 92 84 83 71
94 91 90 104 103 99 98 95 101 97
104 103 95 102 100 97 96 92 89 88
95 93 109 100 97 96 89 82 67 66
94 103 98 106 104 101 99 111 109 108
103 99 98 111 106 104 101 113 109 108
116 113 112 111 110 109 100 96 93 91
106 104 103 116 113 111 101 114 109 108
106 104 103 116 113 111 101 114 109 108
116 115 113 112 111 110 107 118 117 109
116 113 111 108 107 119 117 114 93 86
112 115 108 123 114 109 100 96 93 88
106 122 110 107 121 118 109 104 103 100
105 106 122 110 108 107 121 119 114 104
105 112 107 125 119 102 93 83 82 59
116 111 117 114 113 129 127 124 119 108
116 112 122 111 121 113 125 110 109 100
115 118 130 128 127 125 119 112 109 106
115 116 122 118 121 117 124 113 112 111
126 118 123 130 128 127 119 109 106 104
131 130 128 127 125 136 135 134 133 132
129 130 128 137 134 124 118 117 116 115
130 132 131 127 138 120 119 118 109 107
129 128 139 138 137 124 122 121 120 117
140 133 132 147 145 130 128 126 125 124
139 131 143 151 150 148 145 141 137 129
152 143 139 138 156 145 158 157 155 151
139 156 140 161 155 153 141 132 130 129
152 138 140 162 161 160 159 157 154 153
161 156 152 158 145 140 166 164 163 159
152 161 142 141 166 165 163 155 153 146
152 161 168 165 153 146 142 166 163 155
168 148 165 160 150 146 172 171 167 164
152 168 161 165 155 153 174 173 171 166
161 178 175 165 160 180 179 176 174 173
161 175 165 181 180 179 174 173 171 169
161 165 180 176 174 171 169 166 164 158
170 180 178 165 177 176 172 171 164 163
170 168 181 180 175 166 185 183 182 179
170 178 180 189 185 177 176 172 171 165
170 178 180 171 176 172 167 165 164 163
175 191 184 181 180 195 193 190 188 186
178 180 177 176 194 192 189 185 172 171
193 184 183 195 188 187 186 182 174 173
175 191 193 183 181 189 187 186 179 174
195 193 192 190 188 186 176 174 170 169
195 193 191 190 184 189 185 181 198 192
197 195 190 184 183 198 196 189 187 185
197 193 191 190 185 184 183 199 198 196
197 195 193 207 199 198 196 194 208 206
195 207 198 192 208 206 205 203 202 201
198 195 206 209 208 202 193 192 191 190
197 199 198 196 194 209 204 200 193 191
197 196 206 199 198 207 201 215 213 212
199 210 200 216 214 213 209 203 194 193
207 206 210 208 205 201 200 226 225 224
207 201 225 223 220 217 216 213 211 199
207 205 226 225 223 222 220 218 217 215
228 222 217 214 229 227 221 219 218 215
226 229 228 214 210 208 230 225 224 220
226 228 222 219 214 210 209 224 216 215
229 217 211 225 223 220 216 213 207 201
226 229 215 232 225 222 221 237 233 227
229 230 227 225 222 221 220 240 239 238
226 235 229 217 231 228 225 222 220 219
226 235 230 217 234 232 225 239 237 233
226 232 229 237 227 225 242 241 240 239
226 235 232 230 237 234 225 239 233 224
235 243 239 232 229 247 240 238 237 233
239 235 243 237 233 231 251 250 249 248
239 243 234 240 231 253 252 251 245 236
247 239 235 243 244 241 238 255 248 242
247 243 239 254 250 245 244 241 238 236
247 243 239 254 255 250 245 257 256 253
243 240 239 245 257 253 252 251 236 234
243 239 254 250 249 245 242 258 251 248
243 244 249 242 256 251 248 246 241 237
243 257 245 260 259 253 252 251 248 240
253 257 254 266 263 260 255 250 268 264
255 254 268 266 263 261 258 272 271 264
276 263 272 269 268 266 264 262 261 277
276 272 263 262 269 266 264 261 260 284
276 272 263 262 268 266 264 261 285 284
281 275 274 273 271 269 268 286 285 282
276 272 279 281 275 274 273 271 269 268
276 272 279 281 278 273 290 289 287 286
276 272 279 288 281 278 273 291 290 289
279 275 273 285 281 280 278 293 292 287
279 275 274 285 281 293 292 287 286 284
289 279 281 280 293 292 291 290 283 282
289 285 284 281 294 288 287 299 298 297
289 299 294 308 307 305 303 301 300 297
304 299 294 307 305 303 301 300 298 297
299 295 294 316 315 308 307 305 303 301
315 309 308 305 304 299 318 316 306 302
315 308 305 299 321 316 307 303 298 328
315 309 304 299 325 321 318 311 307 306
315 318 316 327 325 321 319 337 336 333
337 336 330 328 327 326 325 321 320 340
337 330 338 328 327 326 325 322 342 341
336 328 326 341 339 334 333 332 329 324
330 340 337 336 343 327 325 348 345 344
330 337 328 351 349 347 345 339 334 333
330 336 341 340 337 344 343 351 349 348
336 340 337 352 350 344 343 342 338 335
341 340 337 352 350 345 344 343 342 338
341 336 349 334 353 339 333 332 329 328
341 338 340 357 352 350 348 347 345 344
349 341 348 343 360 357 352 350 347 345
349 352 348 361 360 347 344 365 364 363
349 352 345 357 347 366 365 355 353 351
360 367 361 356 354 368 366 364 363 362
352 360 356 355 367 365 361 354 368 366
360 355 368 356 367 365 363 362 361 370
360 355 368 371 367 365 363 361 357 373
360 357 356 371 367 365 362 361 359 373
360 368 357 371 367 363 361 359 373 369
368 357 356 371 365 363 362 361 359 373
360 368 363 361 357 371 367 365 362 359
360 368 363 361 357 365 359 373 369 366
373 371 369 367 365 366 357 355 353 352
373 365 371 369 367 378 377 376 375 366
379 373 368 380 371 369 384 382 378 377
379 373 372 371 368 380 369 384 383 382
371 379 373 372 384 369 387 386 385 382
372 384 388 387 386 385 383 382 381 377
389 379 396 394 393 387 385 384 383 382
383 379 396 393 382 380 378 395 391 390
389 382 379 397 396 394 393 387 385 384
383 397 401 400 395 374 373 372 370 369
397 396 393 407 405 404 402 401 400 399
410 396 394 412 409 408 406 404 401 400
403 397 396 393 413 412 411 409 408 407
406 410 396 394 412 409 408 404 401 400
403 397 406 416 413 412 399 396 414 409
397 412 410 404 400 399 396 415 414 411
416 403 406 413 412 411 408 399 398 419
416 413 412 426 411 410 425 421 419 414
416 413 412 410 426 411 425 421 419 414
425 421 414 433 432 431 430 429 428 423
12932 100 20000 200 1000 3000 200
5 0 0 0 0 0 0 0 0 0
3 4 0 0 0 0 0 0 0 0
6 7 4 0 0 0 0 0 0 0
10 4 0 0 0 0 0 0 0 0
3 10 4 15 0 0 0 0 0 0
25 28 18 36 16 0 0 0 0 0
7 31 22 11 0 0 0 0 0 0
6 13 21 30 24 0 0 0 0 0
5 20 14 46 40 51 0 0 0 0
3 25 14 43 0 0 0 0 0 0
33 15 17 54 47 50 0 0 0 0
10 26 24 0 0 0 0 0 0 0
4 20 13 54 24 58 51 44 0 0
7 13 53 22 14 37 17 70 63 0
7 25 13 23 22 37 58 44 68 48
23 42 14 52 68 62 0 0 0 0
4 20 13 51 24 72 54 58 44 80
6 32 21 53 37 58 44 77 76 70
6 4 7 22 21 16 53 36 71 28
33 29 19 15 47 86 80 72 43 97
76 37 31 43 66 106 101 100 11 0
35 82 61 85 72 41 90 80 58 44
33 56 53 72 99 87 80 73 107 88
91 67 87 89 59 120 106 104 83 74
47 84 60 114 91 45 64 115 101 94
61 82 85 72 41 90 80 58 44 69
43 78 125 117 105 74 29 24 19 14
52 51 86 65 67 130 111 62 137 133
49 54 91 111 110 93 69 109 95 27
72 48 122 87 80 111 92 27 24 13
86 72 99 80 140 125 97 141 134 133
82 63 103 89 75 58 111 151 74 46
117 71 140 132 128 98 153 150 147 51
114 82 72 80 124 64 115 110 83 158
65 130 124 116 103 101 96 154 153 148
131 85 93 75 155 146 135 124 83 143
82 114 80 124 83 165 145 143 115 110
114 91 120 89 165 141 115 105 97 182
114 124 165 145 143 115 110 105 182 158
94 91 142 172 163 161 129 192 173 153
122 104 163 154 110 96 180 88 77 71
155 143 184 163 158 179 171 169 96 95
153 132 130 120 142 128 190 192 175 172
122 150 111 190 194 188 164 159 211 210
132 130 155 150 128 192 194 175 172 136
157 132 120 128 127 182 175 136 125 168
137 185 172 196 177 183 174 173 166 139
157 141 184 152 109 107 103 97 95 93
149 137 193 179 172 171 221 213 168 125
182 181 184 225 127 118 105 95 90 89
138 157 161 145 142 199 176 209 184 178
163 155 208 201 184 179 171 169 143 158
157 182 225 175 168 167 136 132 128 127
153 195 169 140 223 137 133 131 122 119
157 185 141 139 133 130 120 106 102 97
161 171 169 233 237 186 157 144 140 130
184 240 239 235 233 215 212 210 251 242
228 211 192 172 253 205 175 259 194 261
190 196 208 191 228 172 171 201 183 235
182 242 212 252 239 225 175 250 206 258
196 182 234 217 195 225 197 188 183 250
219 201 195 251 215 210 188 256 238 189
193 213 221 173 169 118 107 104 102 94
198 237 195 252 222 240 285 278 260 190
233 211 204 205 290 287 279 273 268 249
243 222 261 259 292 288 287 277 258 245
250 217 204 279 225 275 261 256 238 300
233 211 251 215 210 205 269 261 297 288
250 229 296 246 225 310 302 292 254 184
233 217 275 243 304 309 305 303 292 283
234 259 279 271 267 246 243 266 317 309
234 298 290 282 273 247 212 209 203 184
250 238 308 289 272 256 334 344 342 326
280 304 279 261 335 324 319 288 282 338
280 299 284 246 290 289 276 273 341 335
269 324 318 261 316 294 291 288 352 349
351 325 313 293 281 252 250 249 241 225
285 290 273 269 320 319 305 304 301 297
269 324 318 288 261 349 316 294 291 352
351 319 287 322 321 282 328 315 313 252
298 290 273 331 282 340 247 234 212 209
341 279 271 309 305 277 353 303 359 358
299 285 274 324 330 309 288 276 337 301
295 318 289 312 294 283 282 350 342 267
324 358 297 288 291 359 356 311 306 283
319 351 328 322 354 321 362 313 315 287
370 301 367 347 342 317 306 380 291 289
328 322 347 335 323 369 336 327 315 300
386 372 362 354 353 323 321 336 383 378
324 344 355 370 366 354 321 379 367 364
349 341 343 396 379 399 388 385 316 310
344 355 366 339 397 375 342 395 376 374
363 379 361 393 391 371 368 414 409 398
407 381 380 400 392 391 382 421 414 411
360 355 399 395 385 364 354 415 404 402
369 366 405 385 384 412 410 393 352 347
387 405 384 430 404 393 437 435 421 339
387 379 365 405 384 380 430 441 437 409
387 401 397 417 425 420 406 381 430 390
374 435 434 404 399 444 429 403 452 446
410 445 435 404 442 393 470 452 446 369
407 400 382 395 445 438 389 449 435 411
419 417 420 424 415 431 366 357 352 339
387 405 474 437 435 421 404 462 430 393
438 449 409 463 460 477 466 432 389 386
405 439 476 471 463 462 461 460 447 393
400 407 449 438 411 406 445 442 435 415
433 418 412 409 456 447 494 493 488 466
417 458 428 481 437 434 420 473 443 430
436 435 404 497 472 470 463 460 452 447
476 405 461 462 439 485 471 463 460 447
419 417 476 425 435 421 420 412 473 470
419 417 449 438 474 457 420 464 424 506
473 448 437 510 501 494 463 460 456 432
458 435 481 473 444 434 421 518 470 452
435 476 474 445 475 518 442 493 470 452
510 497 473 444 521 520 508 488 482 479
476 475 474 461 445 502 487 468 471 469
476 474 510 455 538 527 511 502 540 531
511 473 509 490 462 454 540 531 517 553
474 518 506 538 502 542 464 483 454 434
518 498 530 523 503 539 505 477 463 460
481 518 498 538 537 521 509 503 490 552
504 523 555 520 561 541 538 530 543 585
570 538 542 484 590 588 583 558 532 524
533 514 506 541 538 509 490 549 526 581
516 501 560 542 507 494 589 558 483 480
498 552 521 518 503 538 537 509 598 522
511 493 540 521 531 571 563 556 553 508
511 545 540 496 565 563 531 517 509 591
512 564 513 537 562 522 515 592 567 559
528 518 560 516 508 608 573 567 559 554
564 527 604 596 581 574 543 529 525 608
528 607 588 568 537 524 611 605 542 625
564 540 599 571 570 550 541 539 634 620
538 557 563 615 611 588 568 608 546 626
569 615 583 614 608 562 546 632 602 573
552 555 561 606 577 565 579 630 600 595
577 587 562 629 623 613 597 595 654 642
603 568 636 605 611 610 607 581 572 562
577 561 569 662 661 631 595 587 648 643
598 615 582 625 587 586 642 613 593 590
566 610 599 631 586 570 654 648 634 580
615 569 661 588 572 650 642 669 564 559
610 606 605 583 631 619 614 611 607 586
610 618 595 683 613 690 676 674 663 655
596 648 645 615 610 629 681 657 690 676
603 602 656 636 615 677 659 625 601 689
662 606 693 658 618 683 640 639 630 628
658 618 675 653 621 716 696 676 674 665
634 687 679 703 685 633 704 680 643 720
679 654 644 712 708 704 701 668 639 728
661 721 712 707 701 668 651 649 639 737
693 648 675 681 722 640 738 732 730 674
670 661 657 645 671 644 709 700 695 676
692 685 683 699 696 650 741 733 715 672
689 667 656 722 721 688 683 720 707 682
693 722 677 688 740 719 706 739 727 716
693 699 734 722 733 706 749 684 763 761
704 690 678 679 691 719 718 707 688 759
690 687 685 680 703 697 701 695 762 739
702 730 714 697 760 701 784 735 777 775
702 760 707 784 756 737 698 792 777 773
748 729 745 742 732 698 696 764 752 720
699 704 719 703 733 745 724 789 778 736
739 756 787 727 788 731 690 670 662 647
745 739 710 790 784 800 787 763 744 728
734 733 790 769 760 750 804 778 775 763
721 764 724 770 738 812 800 791 766 744
779 769 724 755 750 791 740 736 822 765
733 745 778 792 789 793 791 783 736 827
759 762 748 789 781 738 811 785 767 751
746 774 739 756 792 800 744 740 816 805
747 764 778 806 803 791 842 834 828 827
764 762 770 809 830 796 782 772 844 838
764 778 834 792 796 855 848 842 838 835
774 811 783 772 771 819 808 777 861 755
762 789 793 819 808 859 852 841 835 756
790 775 793 763 804 796 773 856 838 823
809 834 844 830 796 782 876 861 838 836
779 788 819 808 859 846 817 806 874 870
812 808 819 811 810 867 824 806 848 878
811 869 854 844 802 873 841 836 892 890
804 854 844 868 848 836 897 888 885 884
860 812 859 834 810 844 830 876 836 828
825 820 845 861 813 873 849 893 892 889
854 849 901 893 851 835 823 821 793 783
858 861 891 838 898 879 870 864 849 837
860 859 845 855 868 849 848 905 827 919
865 858 846 869 857 891 875 871 849 842
859 896 886 846 908 879 864 923 874 870
878 861 889 880 863 927 906 845 844 836
875 914 868 910 898 888 880 935 901 856
869 926 909 907 904 910 900 948 946 945
918 896 877 939 875 873 931 929 920 887
899 897 879 934 914 894 926 917 915 959
887 940 958 951 947 945 877 862 852 847
927 889 956 971 968 963 959 942 906 880
908 933 927 923 965 964 926 913 909 971
900 919 911 963 953 949 942 936 975 968
918 933 964 911 901 977 963 944 942 980
930 919 953 928 944 989 985 982 950 935
933 977 942 935 974 964 944 980 968 963
977 956 1008 1006 1001 918 902 885 881 880
933 942 959 964 963 944 968 952 1017 1014
965 1001 986 971 993 1020 1008 995 980 1032
965 943 941 934 986 940 979 974 957 954
939 962 971 953 1023 998 995 1038 1029 929
942 993 967 963 961 1034 1015 1005 997 968
953 944 989 982 950 1031 1029 1026 1024 1009
943 977 941 989 970 1018 1008 992 1042 1031
977 986 984 976 970 955 1011 1002 991 982
986 1003 1008 1005 997 980 979 1013 991 972
983 962 965 970 1041 1008 978 1030 1025 1018
962 965 970 1009 980 974 998 994 1070 1051
976 984 980 992 1045 1034 1030 1018 1007 1074
1003 1023 1012 1030 1025 1010 999 994 1072 1071
976 965 1003 984 998 1029 1012 997 1027 1025
986 965 971 964 1011 1033 1002 1000 1028 1014
965 1003 1011 998 968 1023 1009 1002 1025 999
976 984 970 1059 1029 1000 1063 1028 1021 1004
993 990 970 1020 1035 1029 989 979 1044 1027
970 1038 1023 994 991 1043 1042 1037 1018 1014
986 971 1011 1033 1002 1000 1043 1028 1014 995
1003 1008 1038 1029 1023 1012 989 1062 1010 985
1057 1023 1051 1034 1074 1055 1040 1037 1054 1048
1052 1030 1079 1067 1064 1058 1040 1097 1091 1085
1020 1067 1041 1034 1032 1082 1040 1098 1090 1088
1028 1079 1058 1052 1042 1093 1080 1125 1091 1086
1082 1056 1042 1117 1084 1076 1128 1124 1031 1026
1038 1051 1034 1042 1125 1086 1066 1061 1048 1043
1079 1052 1071 1058 1081 1068 1116 1108 1088 1054
1071 1044 1100 1081 1068 1125 1124 1117 1084 1048
1066 1073 1071 1095 1081 1068 1133 1102 1098 1096
1090 1146 1143 1084 1083 1156 1154 1152 1138 1129
1121 1122 1093 1141 1109 1085 1083 1152 1120 1079
1137 1112 1129 1162 1150 1094 1076 1075 1056 1043
1095 1117 1099 1124 1102 1158 1152 1147 1160 1150
1106 1092 1125 1100 1115 1159 1126 1163 1156 1144
1095 1102 1141 1165 1156 1151 1094 1088 1079 1060
1140 1089 1147 1118 1093 1162 1150 1133 1098 1171
1147 1115 1152 1148 1120 1079 1075 1067 1064 1062
1104 1116 1114 1113 1110 1108 1129 1173 1135 1134
1125 1137 1112 1173 1109 1148 1118 1168 1150 1139
1173 1134 1125 1176 1163 1158 1152 1145 1205 1192
1147 1155 1188 1148 1186 1184 1168 1214 1132 1131
1146 1137 1155 1170 1154 1152 1148 1186 1211 1208
1140 1137 1136 1169 1194 1188 1156 1143 1217 1216
1173 1170 1136 1169 1152 1135 1181 1168 1160 1138
1181 1179 1196 1210 1191 1189 1174 1219 1207 1203
1146 1155 1170 1152 1154 1148 1186 1211 1208 1137
1173 1212 1148 1171 1168 1150 1218 1216 1198 1139
1155 1170 1186 1152 1154 1208 1231 1226 1211 1148
1175 1159 1215 1212 1206 1169 1195 1153 1182 1178
1166 1177 1228 1217 1211 1244 1225 1214 1154 1152
1173 1199 1171 1223 1213 1190 1164 1232 1221 1235
1173 1194 1187 1190 1228 1255 1248 1219 1158 1157
1192 1204 1190 1205 1228 1217 1216 1198 1248 1225
1188 1172 1212 1204 1197 1182 1253 1252 1250 1248
1179 1210 1192 1189 1176 1205 1237 1222 1178 1254
1228 1222 1275 1217 1203 1280 1269 1246 1225 1219
1213 1256 1228 1221 1258 1217 1216 1295 1255 1225
1213 1256 1237 1230 1221 1211 1262 1252 1299 1295
1237 1265 1206 1283 1272 1253 1249 1244 1296 1271
1210 1284 1283 1254 1294 1286 1269 1238 1219 1309
1222 1284 1316 1301 1254 1246 1235 1291 1280 1269
1234 1254 1233 1228 1242 1284 1231 1303 1270 1268
1230 1267 1232 1298 1275 1266 1265 1257 1299 1288
1233 1267 1237 1265 1299 1270 1268 1262 1311 1239
1232 1257 1291 1283 1279 1258 1250 1248 1340 1263
1237 1250 1340 1318 1238 1330 1292 1285 1225 1224
1301 1266 1254 1284 1325 1288 1345 1335 1318 1304
1284 1267 1265 1299 1291 1281 1279 1262 1337 1321
1296 1356 1355 1345 1288 1287 1353 1348 1335 1304
1299 1355 1296 1353 1313 1335 1319 1304 1375 1359
1356 1355 1296 1353 1345 1304 1348 1335 1391 1312
1403 1397 1332 1309 1407 1400 1394 1384 1333 1308
1355 1339 1353 1338 1403 1342 1328 1389 1373 1361
1345 1409 1406 1397 1366 1342 1337 1333 1438 1433
1395 1411 1383 1364 1363 1357 1459 1457 1454 1448
1380 1391 1383 1448 1426 1363 1457 1454 1398 1387
1425 1382 1412 1389 1386 1370 1465 1462 1435 1424
1429 1440 1410 1374 1368 1454 1384 1369 1472 1466
1420 1395 1377 1389 1382 1375 1434 1423 1412 1465
1429 1403 1430 1421 1449 1446 1436 1413 1399 1369
1380 1409 1405 1397 1394 1383 1379 1398 1438 1385
1395 1391 1386 1381 1448 1426 1468 1465 1456 1418
1429 1424 1440 1426 1410 1479 1456 1445 1461 1422
1397 1394 1430 1449 1413 1486 1473 1444 1427 1422
1433 1425 1424 1490 1479 1462 1450 1477 1476 1470
1448 1403 1416 1402 1490 1468 1462 1415 1497 1494
1423 1424 1462 1449 1445 1441 1430 1479 1460 1413
1467 1412 1454 1450 1426 1442 1418 1498 1472 1471
1424 1462 1449 1445 1439 1430 1483 1479 1476 1465
1419 1490 1457 1451 1445 1439 1494 1483 1458 1431
1448 1456 1461 1494 1493 1468 1465 1519 1512 1510
1446 1467 1457 1521 1518 1516 1511 1471 1470 1427
1502 1445 1497 1454 1504 1489 1465 1447 1472 1443
1448 1506 1456 1449 1490 1468 1476 1514 1465 1486
1496 1490 1450 1474 1469 1524 1520 1512 1505 1437
1509 1497 1459 1527 1489 1451 1514 1504 1500 1516
1506 1494 1490 1462 1463 1542 1465 1547 1544 1537
1498 1483 1494 1490 1553 1515 1508 1571 1567 1524
1497 1494 1490 1542 1525 1489 1474 1545 1544 1540
1509 1498 1505 1500 1527 1487 1485 1569 1560 1553
1506 1535 1499 1501 1478 1513 1486 1477 1579 1555
1505 1479 1561 1525 1529 1528 1518 1485 1560 1538
1496 1506 1499 1529 1542 1524 1516 1579 1573 1550
1529 1497 1539 1521 1516 1541 1552 1548 1547 1512
1525 1499 1497 1536 1516 1560 1592 1573 1557 1555
1535 1530 1564 1508 1553 1547 1537 1607 1599 1597
1505 1536 1521 1514 1560 1552 1541 1596 1586 1582
1529 1539 1504 1558 1534 1565 1557 1538 1608 1607
1529 1525 1518 1561 1528 1588 1560 1549 1538 1534
1535 1525 1561 1552 1530 1521 1592 1545 1541 1617
1552 1528 1521 1588 1586 1574 1563 1555 1541 1515
1529 1561 1516 1592 1555 1550 1549 1545 1617 1603
1525 1539 1530 1528 1588 1586 1581 1574 1564 1563
1525 1610 1602 1598 1591 1554 1605 1603 1596 1543
1542 1610 1528 1598 1591 1588 1582 1554 1596 1567
1539 1560 1524 1591 1605 1600 1596 1518 1514 1512
1546 1607 1589 1582 1621 1605 1571 1565 1532 1626
1529 1531 1536 1599 1562 1546 1602 1589 1587 1582
1588 1538 1567 1558 1547 1601 1590 1571 1613 1595
1561 1555 1617 1600 1592 1568 1551 1550 1549 1545
1561 1560 1588 1538 1534 1611 1604 1568 1551 1549
1610 1588 1567 1598 1596 1591 1582 1644 1642 1640
1579 1560 1600 1641 1637 1629 1649 1635 1634 1627
1615 1612 1588 1665 1644 1614 1658 1656 1653 1638
1590 1588 1644 1601 1672 1656 1655 1643 1626 1686
1615 1612 1665 1644 1614 1675 1658 1656 1653 1638
1651 1642 1611 1664 1691 1680 1678 1662 1661 1660
1604 1634 1621 1620 1672 1651 1605 1657 1641 1636
1628 1615 1625 1616 1612 1663 1642 1631 1675 1639
1672 1656 1644 1699 1682 1655 1643 1639 1626 1686
1634 1654 1618 1636 1633 1709 1707 1705 1700 1696
1635 1629 1680 1664 1654 1642 1641 1638 1678 1658
1672 1669 1651 1685 1648 1682 1639 1633 1662 1719
1682 1664 1659 1654 1647 1715 1713 1684 1658 1646
1665 1681 1655 1697 1692 1710 1708 1706 1696 1693
1656 1715 1705 1699 1697 1653 1649 1644 1702 1698
1671 1734 1715 1697 1664 1649 1647 1722 1712 1698
1657 1678 1715 1694 1753 1751 1743 1735 1714 1647
1674 1685 1679 1664 1724 1721 1715 1694 1684 1676
1655 1659 1705 1720 1716 1689 1687 1740 1733 1713
1685 1720 1712 1690 1724 1706 1693 1710 1708 1698
1706 1733 1723 1718 1707 1749 1730 1719 1713 1711
1716 1705 1718 1760 1709 1700 1697 1755 1735 1713
1729 1755 1766 1758 1741 1732 1785 1780 1759 1754
1729 1747 1739 1732 1800 1758 1750 1736 1803 1789
1729 1767 1746 1739 1728 1756 1753 1732 1766 1758
1735 1731 1765 1734 1782 1744 1804 1776 1751 1814
1740 1800 1783 1753 1758 1806 1798 1805 1757 1737
1756 1746 1795 1775 1764 1814 1811 1738 1732 1721
1769 1761 1765 1794 1767 1766 1754 1741 1800 1770
1761 1800 1758 1748 1775 1750 1802 1799 1781 1777
1747 1753 1807 1791 1784 1775 1816 1764 1751 1821
1763 1749 1793 1748 1810 1798 1796 1781 1777 1834
1761 1800 1758 1748 1775 1750 1802 1799 1781 1777
1765 1754 1766 1806 1811 1784 1816 1805 1799 1796
1769 1785 1794 1782 1800 1795 1748 1802 1797 1792
1755 1802 1780 1817 1808 1798 1830 1824 1757 1752
1761 1770 1759 1758 1822 1791 1826 1817 1808 1805
1760 1763 1800 1774 1809 1792 1801 1773 1839 1838
1793 1774 1770 1810 1809 1776 1826 1801 1796 1841
1800 1768 1766 1803 1789 1798 1833 1828 1772 1848
1783 1804 1787 1813 1835 1767 1765 1756 1753 1749
1822 1826 1815 1844 1831 1812 1796 1875 1872 1859
1806 1822 1866 1860 1855 1877 1775 1772 1766 1764
1797 1811 1790 1801 1809 1854 1832 1863 1856 1831
1798 1861 1856 1889 1883 1879 1788 1766 1760 1754
1815 1803 1848 1844 1813 1891 1880 1867 1851 1789
1827 1828 1807 1801 1800 1818 1809 1858 1853 1863
1802 1848 1810 1809 1803 1836 1834 1899 1882 1863
1806 1861 1828 1847 1830 1805 1882 1897 1887 1885
1863 1834 1831 1896 1889 1865 1852 1838 1836 1820
1816 1835 1873 1831 1838 1901 1881 1879 1868 1862
1826 1863 1898 1889 1869 1902 1823 1903 1894 1839
1828 1848 1844 1833 1899 1910 1859 1815 1803 1800
1827 1863 1837 1889 1876 1869 1903 1887 1879 1919
1855 1873 1867 1880 1851 1924 1918 1900 1933 1931
1881 1906 1887 1884 1901 1944 1941 1925 1923 1903
1887 1881 1906 1884 1955 1901 1944 1941 1925 1923
